101
1001
10001
10101
10201
10301
10401
10501
10601
10701
10801
10901
100001
101101
102201
103301
104401
105501
106601
107701
108801
109901
1000001
1001001
1002001
1003001
1004001
1005001
1006001
1007001
1008001
1009001
1010101
1011101
1012101
1013101
1014101
1015101
1016101
1017101
1018101
1019101
1020201
1021201
1022201
1023201
1024201
1025201
1026201
1027201
1028201
1029201
1030301
1031301
1032301
1033301
1034301
1035301
1036301
1037301
1038301
1039301
1040401
1041401
1042401
1043401
1044401
1045401
1046401
1047401
1048401
1049401
1050501
1051501
1052501
1053501
1054501
1055501
1056501
1057501
1058501
1059501
1060601
1061601
1062601
1063601
1064601
1065601
1066601
1067601
1068601
1069601
1070701
1071701
1072701
1073701
1074701
1075701
1076701
1077701
1078701
1079701
1080801
1081801
1082801
1083801
1084801
1085801
1086801
1087801
1088801
1089801
1090901
1091901
1092901
1093901
1094901
1095901
1096901
1097901
1098901
1099901
10000001
10011001
10022001
10033001
10044001
10055001
10066001
10077001
10088001
10099001
10100101
10111101
10122101
10133101
10144101
10155101
10166101
10177101
10188101
10199101
10200201
10211201
10222201
10233201
10244201
10255201
10266201
10277201
10288201
10299201
10300301
10311301
10322301
10333301
10344301
10355301
10366301
10377301
10388301
10399301
10400401
10411401
10422401
10433401
10444401
10455401
10466401
10477401
10488401
10499401
10500501
10511501
10522501
10533501
10544501
10555501
10566501
10577501
10588501
10599501
10600601
10611601
10622601
10633601
10644601
10655601
10666601
10677601
10688601
10699601
10700701
10711701
10722701
10733701
10744701
10755701
10766701
10777701
10788701
10799701
10800801
10811801
10822801
10833801
10844801
10855801
10866801
10877801
10888801
10899801
10900901
10911901
10922901
10933901
10944901
10955901
10966901
10977901
10988901
10999901
100000001
100010001
100020001
100030001
100040001
100050001
100060001
100070001
100080001
100090001
100101001
100111001
100121001
100131001
100141001
100151001
100161001
100171001
100181001
100191001
100202001
100212001
100222001
100232001
100242001
100252001
100262001
100272001
100282001
100292001
100303001
100313001
100323001
100333001
100343001
100353001
100363001
100373001
100383001
100393001
100404001
100414001
100424001
100434001
100444001
100454001
100464001
100474001
100484001
100494001
100505001
100515001
100525001
100535001
100545001
100555001
100565001
100575001
100585001
100595001
100606001
100616001
100626001
100636001
100646001
100656001
100666001
100676001
100686001
100696001
100707001
100717001
100727001
100737001
100747001
100757001
100767001
100777001
100787001
100797001
100808001
100818001
100828001
100838001
100848001
100858001
100868001
100878001
100888001
100898001
100909001
100919001
100929001
100939001
100949001
100959001
100969001
100979001
100989001
100999001
101000101
101010101
101020101
101030101
101040101
101050101
101060101
101070101
101080101
101090101
101101101
101111101
101121101
101131101
101141101
101151101
101161101
101171101
101181101
101191101
101202101
101212101
101222101
101232101
101242101
101252101
101262101
101272101
101282101
101292101
101303101
101313101
101323101
101333101
101343101
101353101
101363101
101373101
101383101
101393101
101404101
101414101
101424101
101434101
101444101
101454101
101464101
101474101
101484101
101494101
101505101
101515101
101525101
101535101
101545101
101555101
101565101
101575101
101585101
101595101
101606101
101616101
101626101
101636101
101646101
101656101
101666101
101676101
101686101
101696101
101707101
101717101
101727101
101737101
101747101
101757101
101767101
101777101
101787101
101797101
101808101
101818101
101828101
101838101
101848101
101858101
101868101
101878101
101888101
101898101
101909101
101919101
101929101
101939101
101949101
101959101
101969101
101979101
101989101
101999101
102000201
102010201
102020201
102030201
102040201
102050201
102060201
102070201
102080201
102090201
102101201
102111201
102121201
102131201
102141201
102151201
102161201
102171201
102181201
102191201
102202201
102212201
102222201
102232201
102242201
102252201
102262201
102272201
102282201
102292201
102303201
102313201
102323201
102333201
102343201
102353201
102363201
102373201
102383201
102393201
102404201
102414201
102424201
102434201
102444201
102454201
102464201
102474201
102484201
102494201
102505201
102515201
102525201
102535201
102545201
102555201
102565201
102575201
102585201
102595201
102606201
102616201
102626201
102636201
102646201
102656201
102666201
102676201
102686201
102696201
102707201
102717201
102727201
102737201
102747201
102757201
102767201
102777201
102787201
102797201
102808201
102818201
102828201
102838201
102848201
102858201
102868201
102878201
102888201
102898201
102909201
102919201
102929201
102939201
102949201
102959201
102969201
102979201
102989201
102999201
103000301
103010301
103020301
103030301
103040301
103050301
103060301
103070301
103080301
103090301
103101301
103111301
103121301
103131301
103141301
103151301
103161301
103171301
103181301
103191301
103202301
103212301
103222301
103232301
103242301
103252301
103262301
103272301
103282301
103292301
103303301
103313301
103323301
103333301
103343301
103353301
103363301
103373301
103383301
103393301
103404301
103414301
103424301
103434301
103444301
103454301
103464301
103474301
103484301
103494301
103505301
103515301
103525301
103535301
103545301
103555301
103565301
103575301
103585301
103595301
103606301
103616301
103626301
103636301
103646301
103656301
103666301
103676301
103686301
103696301
103707301
103717301
103727301
103737301
103747301
103757301
103767301
103777301
103787301
103797301
103808301
103818301
103828301
103838301
103848301
103858301
103868301
103878301
103888301
103898301
103909301
103919301
103929301
103939301
103949301
103959301
103969301
103979301
103989301
103999301
104000401
104010401
104020401
104030401
104040401
104050401
104060401
104070401
104080401
104090401
104101401
104111401
104121401
104131401
104141401
104151401
104161401
104171401
104181401
104191401
104202401
104212401
104222401
104232401
104242401
104252401
104262401
104272401
104282401
104292401
104303401
104313401
104323401
104333401
104343401
104353401
104363401
104373401
104383401
104393401
104404401
104414401
104424401
104434401
104444401
104454401
104464401
104474401
104484401
104494401
104505401
104515401
104525401
104535401
104545401
104555401
104565401
104575401
104585401
104595401
104606401
104616401
104626401
104636401
104646401
104656401
104666401
104676401
104686401
104696401
104707401
104717401
104727401
104737401
104747401
104757401
104767401
104777401
104787401
104797401
104808401
104818401
104828401
104838401
104848401
104858401
104868401
104878401
104888401
104898401
104909401
104919401
104929401
104939401
104949401
104959401
104969401
104979401
104989401
104999401
105000501
105010501
105020501
105030501
105040501
105050501
105060501
105070501
105080501
105090501
105101501
105111501
105121501
105131501
105141501
105151501
105161501
105171501
105181501
105191501
105202501
105212501
105222501
105232501
105242501
105252501
105262501
105272501
105282501
105292501
105303501
105313501
105323501
105333501
105343501
105353501
105363501
105373501
105383501
105393501
105404501
105414501
105424501
105434501
105444501
105454501
105464501
105474501
105484501
105494501
105505501
105515501
105525501
105535501
105545501
105555501
105565501
105575501
105585501
105595501
105606501
105616501
105626501
105636501
105646501
105656501
105666501
105676501
105686501
105696501
105707501
105717501
105727501
105737501
105747501
105757501
105767501
105777501
105787501
105797501
105808501
105818501
105828501
105838501
105848501
105858501
105868501
105878501
105888501
105898501
105909501
105919501
105929501
105939501
105949501
105959501
105969501
105979501
105989501
105999501
106000601
106010601
106020601
106030601
106040601
106050601
106060601
106070601
106080601
106090601
106101601
106111601
106121601
106131601
106141601
106151601
106161601
106171601
106181601
106191601
106202601
106212601
106222601
106232601
106242601
106252601
106262601
106272601
106282601
106292601
106303601
106313601
106323601
106333601
106343601
106353601
106363601
106373601
106383601
106393601
106404601
106414601
106424601
106434601
106444601
106454601
106464601
106474601
106484601
106494601
106505601
106515601
106525601
106535601
106545601
106555601
106565601
106575601
106585601
106595601
106606601
106616601
106626601
106636601
106646601
106656601
106666601
106676601
106686601
106696601
106707601
106717601
106727601
106737601
106747601
106757601
106767601
106777601
106787601
106797601
106808601
106818601
106828601
106838601
106848601
106858601
106868601
106878601
106888601
106898601
106909601
106919601
106929601
106939601
106949601
106959601
106969601
106979601
106989601
106999601
107000701
107010701
107020701
107030701
107040701
107050701
107060701
107070701
107080701
107090701
107101701
107111701
107121701
107131701
107141701
107151701
107161701
107171701
107181701
107191701
107202701
107212701
107222701
107232701
107242701
107252701
107262701
107272701
107282701
107292701
107303701
107313701
107323701
107333701
107343701
107353701
107363701
107373701
107383701
107393701
107404701
107414701
107424701
107434701
107444701
107454701
107464701
107474701
107484701
107494701
107505701
107515701
107525701
107535701
107545701
107555701
107565701
107575701
107585701
107595701
107606701
107616701
107626701
107636701
107646701
107656701
107666701
107676701
107686701
107696701
107707701
107717701
107727701
107737701
107747701
107757701
107767701
107777701
107787701
107797701
107808701
107818701
107828701
107838701
107848701
107858701
107868701
107878701
107888701
107898701
107909701
107919701
107929701
107939701
107949701
107959701
107969701
107979701
107989701
107999701
108000801
108010801
108020801
108030801
108040801
108050801
108060801
108070801
108080801
108090801
108101801
108111801
108121801
108131801
108141801
108151801
108161801
108171801
108181801
108191801
108202801
108212801
108222801
108232801
108242801
108252801
108262801
108272801
108282801
108292801
108303801
108313801
108323801
108333801
108343801
108353801
108363801
108373801
108383801
108393801
108404801
108414801
108424801
108434801
108444801
108454801
108464801
108474801
108484801
108494801
108505801
108515801
108525801
108535801
108545801
108555801
108565801
108575801
108585801
108595801
108606801
108616801
108626801
108636801
108646801
108656801
108666801
108676801
108686801
108696801
108707801
108717801
108727801
108737801
108747801
108757801
108767801
108777801
108787801
108797801
108808801
108818801
108828801
108838801
108848801
108858801
108868801
108878801
108888801
108898801
108909801
108919801
108929801
108939801
108949801
108959801
108969801
108979801
108989801
108999801
109000901
109010901
109020901
109030901
109040901
109050901
109060901
109070901
109080901
109090901
109101901
109111901
109121901
109131901
109141901
109151901
109161901
109171901
109181901
109191901
109202901
109212901
109222901
109232901
109242901
109252901
109262901
109272901
109282901
109292901
109303901
109313901
109323901
109333901
109343901
109353901
109363901
109373901
109383901
109393901
109404901
109414901
109424901
109434901
109444901
109454901
109464901
109474901
109484901
109494901
109505901
109515901
109525901
109535901
109545901
109555901
109565901
109575901
109585901
109595901
109606901
109616901
109626901
109636901
109646901
109656901
109666901
109676901
109686901
109696901
109707901
109717901
109727901
109737901
109747901
109757901
109767901
109777901
109787901
109797901
109808901
109818901
109828901
109838901
109848901
109858901
109868901
109878901
109888901
109898901
109909901
109919901
109929901
109939901
109949901
109959901
109969901
109979901
109989901
109999901
