Table[NextPrime[2^n]-2^n, {n, 641, 704}]
1 to 128
{1, 1, 3, 1, 5, 3, 3, 1, 9, 7, 5, 3, 17, 27, 3, 1, 29, 3, 21, 7, 17, 15, 9, 43, 35, 15, 29, 3, 11, 3, 11, 15, 17, 25, 53, 31, 9, 7, 23, 15, 27, 15, 29, 7, 59, 15, 5, 21, 69, 55, 21, 21, 5, 159, 3, 81, 9, 69, 131, 33, 15, 135, 29, 13, 131, 9, 3, 33, 29, 25, 11, 15, 29, 37, 33, 15, 11, 7, 23, 13, 17, 9, 75, 3, 171, 27, 39, 7, 29, 133, 59, 25, 105, 129, 9, 61, 105, 7, 255, 277, 81, 267, 81, 111, 39, 99, 39, 33, 147, 27, 51, 25, 281, 43, 71, 33, 29, 25, 9, 451, 41, 277, 165, 67, 27, 7, 29, 51}
129 to 256
{17, 169, 39, 67, 27, 27, 33, 85, 155, 87, 155, 37, 5, 217, 5, 175, 27, 85, 51, 91, 69, 147, 45, 253, 95, 27, 15, 45, 69, 97, 299, 7, 107, 19, 21, 117, 141, 85, 83, 87, 147, 49, 129, 105, 77, 7, 9, 427, 75, 87, 309, 15, 165, 49, 215, 27, 159, 205, 303, 57, 35, 129, 5, 133, 65, 27, 35, 21, 107, 15, 101, 235, 351, 67, 15, 7, 581, 33, 203, 375, 47, 33, 71, 57, 75, 7, 251, 423, 129, 163, 185, 217, 81, 49, 189, 735, 119, 735, 483, 3, 249, 67, 105, 357, 431, 43, 81, 25, 249, 67, 29, 115, 261, 69, 59, 133, 315, 337, 63, 81, 119, 25, 65, 421, 39, 79, 95, 297}
257 to 320
{155, 73, 435, 223, 105, 79, 9, 175, 77, 133, 309, 43, 245, 127, 855, 57, 5, 63, 363, 157, 101, 117, 89, 45, 197, 159, 375, 343, 17, 43, 35, 127, 101, 553, 71, 13, 239, 67, 9, 61, 11, 463, 443, 157, 27, 307, 101, 37, 131, 45, 135, 27, 659, 15, 111, 91, 125, 93, 81, 87, 9, 933, 9, 27}
321 to 384
{165, 219, 273, 397, 137, 249, 9, 15, 39, 93, 203, 393, 285, 507, 173, 241, 71, 97, 185, 291, 5, 15, 225, 231, 107, 1039, 441, 241, 377, 427, 143, 55, 141, 805, 141, 691, 231, 417, 23, 105, 281, 705, 309, 867, 239, 309, 69, 127, 65, 69, 329, 147, 585, 289, 81, 115, 435, 25, 99, 127, 507, 255, 369, 231}
385 to 448
{189, 235, 789, 133, 89, 3, 885, 207, 77, 97, 29, 231, 387, 127, 51, 181, 807, 505, 293, 55, 539, 129, 309, 37, 29, 33, 63, 67, 221, 315, 323, 235, 245, 163, 299, 45, 105, 163, 309, 163, 57, 423, 69, 345, 131, 73, 173, 1093, 335, 103, 561, 295, 117, 25, 101, 187, 227, 189, 53, 267, 41, 33, 99, 211}
449 to 512
{459, 213, 23, 37, 89, 375, 105, 21, 519, 127, 101, 1257, 321, 567, 81, 841}
{29, 423, 329, 765, 879, 99, 659, 445, 149, 309, 1235, 223, 315, 583, 221, 165}
{65, 475, 329, 333, 165, 207, 443, 777, 179, 655, 813, 21, 549, 375, 51, 583}
{159, 375, 161, 55, 519, 49, 165, 133, 51, 559, 351, 15, 35, 15, 111, 75}
513 to 576
{159, 169, 15, 121, 357, 37, 393, 513, 887, 345, 375, 117, 731, 697, 249, 381}
{69, 189, 375, 123, 279, 675, 83, 37, 701, 87, 119, 31, 729, 93, 989, 163}
{845, 15, 809, 453, 261, 1005, 335, 81, 549, 417, 345, 63, 357, 33, 153, 211}
{701, 45, 459, 115, 669, 427, 1163, 51, 369, 25, 71, 57, 11, 129, 131, 243}
577 to 640
{489, 177, 333, 133, 321, 135, 629, 253, 407, 73, 303, 7, 405, 445, 1335, 87}
{405, 315, 575, 67, 159, 279, 323, 187, 51, 265, 129, 337, 77, 477, 485, 253}
{369, 7, 261, 297, 417, 933, 119, 175, 599, 267, 59, 1063, 135, 555, 83, 451}
{249, 483, 143, 121, 41, 715, 1281, 391, 2081, 249, 1533, 1041, 591, 69, 413, 115}
641 to 704
{681, 1165, 59, 247, 497, 573, 473, 81, 329, 385, 89, 445, 159, 19, 549, 81}
{555, 69, 681, 765, 165, 1005, 219, 331, 1875, 439, 141, 385, 1067, 9, 299, 583}
{101, 603, 269, 1155, 357, 229, 323, 211, 2235, 1795, 83, 183, 27, 303, 285, 165}
{515, 85, 135, 651, 35, 115, 225, 681, 9, 1275, 1719, 535, 321, 2049, 203, 327}
705, 768
{2217, 105, 93, 141, 407, 337, 203, 265, 515, 19, 473, 883, 51, 1753, 113, 141}
{279, 1225, 119, 177, 629, 789, 155, 505, 939, 273, 345, 81, 639, 117, 411, 297}
{837, 847, 51, 345, 81, 519, 239, 975, 267, 207, 1085, 331, 777, 145, 771, 417}
{701, 295, 1619, 567, 105, 265, 1515, 333, 705, 537, 615, 711, 1031, 2143, 699, 183}
769, 832
{17, 63, 365, 745, 1091, 745, 825, 247, 605, 1107, 345, 687, 2925, 595, 1373, 3}
{75, 309, 39, 133, 761, 205, 335, 201, 417, 289, 63, 567, 105, 7, 221, 25}
{1557, 423, 1355, 367, 1505, 117, 149, 15, 107, 669, 65, 603, 129, 235, 179, 127}
{359, 417, 165, 1105, 929, 169, 1469, 285, 231, 417, 1421, 1041, 197, 63, 129, 637}
833, 896
{225, 37, 245, 61, 29, 2925, 41, 133, 617, 427, 225, 31, 77, 945, 959, 673}
{1691, 235, 33, 43, 59, 525, 635, 147, 135, 385, 53, 1131, 131, 1815, 1721, 213}
{885, 369, 575, 237, 719, 453, 209, 4395, 275, 837, 809, 1657, 599, 117, 723, 541}
{707, 613, 309, 175, 761, 9, 621, 565, 939, 645, 1739, 1035, 39, 175, 359, 993}
897, 960
{1167, 153, 719, 693, 1149, 435, 791, 507, 135, 925, 293, 937, 1101, 39, 21, 261}
{1319, 903, 329, 445, 555, 1027, 713, 847, 345, 219, 105, 165, 1371, 7, 435, 177}
{149, 163, 113, 1231, 347, 63, 41, 1017, 371, 57, 3083, 471, 69, 165, 981, 657}
{201, 427, 1133, 465, 1179, 133, 513, 267, 1485, 609, 225, 85, 185, 1057, 233, 1465}
961, 992
{501, 133, 63, 427, 1029, 1599, 95, 837, 701, 459, 225, 333, 125, 43, 431, 115}
{3351, 37, 69, 475, 429, 87, 249, 403, 77, 2463, 3449, 807, 239, 1657, 521, 2431}
993, 1024
1025, 1056
1057, 1088
1089, 1120
1121, 1152
1153, 1184
1185, 1216
1217, 1248
1249, 1280
